dT = 0.015851690215152384 с
dV = 1.628503750493481e-05 В