dT = 0.015910177403028938 с
dV = 2.173617714984374e-05 В